1500
2820
4260
5700
7080
7450
8010
8880
10250
11710
13110
14530
15930
17350
18550
19380
20160
21580
23010
24370
25820
27210
28620
30010
31480
32200
32900
33580
34270
35680
37110
38490
39920
41320
42710
43980
45600
46960
47330
48400
49810
50170
51200
52630
53170
54030
55430
56860
58270
58620
59690
61070
61470
62530
63940
64460
65340
66740
68190
69560
71010
72390
73800
75240
76640
78050
78710
79430
80880
82280
83670
85120
86380
87930
88620
89330
90060
90750
92160
93590
94960
96410
97810
99210
100420
102040
103450
103810
104900
106300
106620
107700
109090
109630
110510
111910
113320
114740
115090
116170
117570
117900
118990
120380
120910
121800
123190
124620
126020
127440
128840
130280
131670
133090
134500
135220
135960
137670
138060
138780
140140
141550
142920
143330
143490
144370
145760
146660
147210
148630
150100
151460
152880
154290
155690
157110
158470
159990
161330
162760
164170
165570
166070
167010
168420
169800
171220
172630
174070
175440
176880
177370
178220
179660
181090
182500
183930
185300
186740
188180
188770
189560
190940
192410
193760
195220
196610
198060
199460
200000
200830
202230
203650
