1450
2850
4260
5660
7080
7420
7960
10250
13100
14540
15900
17380
18760
20140
24370
25800
27210
28620
30030
31450
32860
34260
35700
37120
38500
39890
41310
42730
45570
47340
48390
50160
51230
52600
53130
54060
55450
56870
58290
59650
61440
62490
63900
64410
65320
66720
68130
69540
70960
72400
73790
75210
76620
79430
80830
82260
83680
85110
86500
87940
89360
90730
92170
93610
94970
96360
97780
99190
102020
103810
104860
106620
107660
109070
109610
110500
111890
113330
115080
116140
117900
118960
120380
120910
121780
123200
124620
126370
126750
127440
129190
129530
130260
131670
133090
134500
135900
137680
138050
138710
141580
143310
144370
145800
147200
148610
150040
151380
152840
154240
155690
158510
161320
164160
165560
166080
166990
169800
171250
172630
174020
175470
176850
177360
178240
179650
181090
183950
186720
188140
188640
189570
190970
192400
195230
198040
199470
200010
202270
203550